name: name_formated
channels:
  - defaults
dependencies:
  - blas=1.0
  - bottleneck=1.4.2
  - bzip2=1.0.8
  - ca-certificates=2025.7.15
  - et_xmlfile=2.0.0
  - expat=2.7.1
  - intel-openmp=2025.0.0
  - libffi=3.4.4
  - mkl=2025.0.0
  - mkl-service=2.4.0
  - mkl_fft=1.3.11
  - mkl_random=1.2.8
  - numexpr=2.11.0
  - numpy=2.2.5
  - numpy-base=2.2.5
  - openpyxl=3.1.5
  - openssl=3.0.17
  - pandas=2.3.2
  - pip=25.2
  - python=3.11.13
  - python-dateutil=2.9.0post0
  - python-tzdata=2025.2
  - pytz=2025.2
  - setuptools=72.1.0
  - six=1.17.0
  - sqlite=3.50.2
  - tbb=2022.0.0
  - tbb-devel=2022.0.0
  - tk=8.6.15
  - tzdata=2025b
  - ucrt=10.0.22621.0
  - vc=14.3
  - vc14_runtime=14.44.35208
  - vs2015_runtime=14.44.35208
  - wheel=0.45.1
  - xz=5.6.4
  - zlib=1.2.13
prefix: C:\Users\Rache\miniconda3\envs\name_formated
